time_0_fold_0
val_index [ 12  14  19  33  51  56  63  80  93 106 129 131 141 149 170 174 177 205
 209 218 243 247 248 252 266 281 282 289 291 298 316 325 328 345 349 351
 366 374 393 406 407 420 424 427]
test_index [ 26  52  54  55  60  61  64  70 103 108 109 113 121 136 147 151 159 160
 162 169 187 195 196 198 217 223 224 253 255 260 271 273 274 302 306 327
 346 365 375 380 382 383 398 418]
time_0_fold_1
val_index [ 11  77  81  86  89  91  95 103 114 116 125 127 131 132 146 147 149 150
 171 184 187 191 219 221 228 244 276 293 296 309 314 334 337 345 348 349
 353 396 403 406 408 412 422 426]
test_index [  1   3  10  14  26  33  44  56  61  62  63  69  70  94  97 107 110 138
 145 167 170 175 180 183 193 195 197 199 204 212 213 249 256 275 280 288
 297 336 357 383 387 395 420 423]
time_0_fold_2
val_index [  1  15  24  46  91  97 100 117 120 123 130 139 162 165 171 193 203 205
 217 225 226 230 243 255 267 273 275 283 290 296 309 326 347 363 367 377
 384 392 393 395 401 407 413 414]
test_index [  4   6  32  41  43  47  60  73  77  81  89  92 101 102 109 114 126 143
 152 182 190 202 209 210 219 223 241 245 257 261 266 279 298 300 316 323
 328 329 343 362 381 399 415 420]
time_0_fold_3
val_index [  0  13  16  30  41  42  49  69  70  77  86  99 107 114 115 132 144 145
 151 152 154 163 174 229 230 236 242 244 262 263 264 279 306 307 309 326
 375 390 392 394 403 418 425]
test_index [ 12  18  28  57  58  59  64  81 112 113 120 124 127 141 143 175 176 211
 214 217 219 227 247 266 269 272 275 285 311 318 325 341 345 346 364 369
 371 372 410 417 419 422 431 433]
time_0_fold_4
val_index [ 11  26  29  32  47  65  92 101 108 126 131 137 139 149 167 174 180 187
 198 201 202 210 217 229 231 246 253 268 273 274 285 288 291 309 316 325
 338 353 356 370 415 421 432]
test_index [  0  10  22  41  52  58  66  68  78  81  94 103 106 115 125 135 138 182
 189 197 224 225 259 271 282 283 286 297 307 313 317 321 322 332 334 339
 341 342 354 359 393 395 430]
time_0_fold_5
val_index [  8  17  20  29  38  66  80  86  89  93 100 104 122 135 148 153 156 166
 169 178 191 200 215 223 234 242 247 252 260 288 289 311 314 323 339 367
 370 376 389 395 403 415 432]
test_index [  0  14  15  25  26  34  46  51  56  68  79  99 124 150 168 173 186 187
 188 199 218 227 228 231 237 241 251 265 280 281 283 296 320 338 341 347
 349 384 407 416 417 418 419]
time_0_fold_6
val_index [  0  10  29  62  68  77  78  89  91 105 107 116 119 125 132 144 164 177
 189 191 211 226 245 247 253 276 278 290 294 301 317 336 346 361 364 370
 378 379 380 395 411 419 426]
test_index [  3   9  19  23  35  37  42  43  53  58  67  80  88  96 104 129 138 145
 151 159 188 195 202 203 208 210 230 231 265 279 281 311 312 313 325 331
 349 357 397 420 425 431 432]
time_0_fold_7
val_index [  1  27  46  55  62  65 101 114 115 135 167 194 196 215 231 243 246 247
 251 256 257 263 278 283 288 290 304 307 308 312 316 318 332 338 381 384
 396 400 404 413 422 425 428]
test_index [  2  16  31  35  41  42  69  74  75  77  98 100 117 141 148 157 158 164
 179 190 211 218 219 224 227 229 236 239 240 244 245 248 282 299 300 306
 311 314 319 341 344 376 393]
time_0_fold_8
val_index [ 11  18  20  44  66  67  73  79  88  90 104 113 116 127 136 150 151 152
 186 221 234 235 245 258 281 298 306 313 314 328 329 330 341 357 364 368
 369 376 383 395 401 411 424]
test_index [  2   6  12  21  25  60  65  95 109 122 123 144 155 160 191 197 199 239
 240 243 244 246 261 262 268 276 292 296 302 319 333 337 338 345 365 374
 381 394 396 398 405 407 425]
time_0_fold_9
val_index [  2   4  12  24  32  38  42  50  79  89  93  95 103 121 132 133 136 148
 150 154 162 163 176 191 199 208 225 254 274 281 293 296 300 303 319 325
 365 366 370 376 395 405 417 429]
test_index [ 13  15  26  36  45  63  69  70  83  98  99 102 115 134 140 196 202 204
 216 224 248 250 251 253 258 282 314 316 317 326 327 330 333 335 343 348
 360 368 387 394 415 416 433]
time_1_fold_0
val_index [  2   7  23  27  32  36  68  69  85  90  92  95 108 110 111 118 131 164
 167 178 190 191 193 196 197 199 210 225 234 235 261 288 294 308 321 346
 347 348 362 374 376 412 422 426]
test_index [  8  18  35  37  38  51  74  79  86 101 145 157 171 203 206 226 228 231
 233 245 258 266 270 272 293 297 299 304 305 312 315 320 323 327 340 351
 361 367 373 392 396 400 402 424]
time_1_fold_1
val_index [  6   8  12  13  32  51  62  63  65  71  97 102 103 106 112 122 129 133
 134 135 151 160 161 170 190 195 197 201 203 228 234 238 239 250 309 320
 332 335 336 345 361 383 389 409]
test_index [  9  15  17  22  25  28  31  46  59  66  68  72  84  89  92  96 104 117
 141 149 165 173 174 177 182 184 185 222 236 241 252 256 275 295 303 312
 343 347 386 401 402 411 426 430]
time_1_fold_2
val_index [  0   5  16  43  45  56  61  69  81  84  91 135 139 141 144 179 189 195
 202 206 208 210 212 213 216 223 232 242 260 272 347 348 352 353 358 372
 381 382 387 391 395 415 423 433]
test_index [  6   8  15  25  46  64  74  78  80  96  99 104 112 131 134 136 153 154
 163 166 174 180 188 194 209 214 215 240 249 256 259 261 264 297 301 302
 320 326 330 337 345 384 427 432]
time_1_fold_3
val_index [  1   2   4   5  14  18  20  27  32  40  45  46  76  82 113 119 121 134
 139 157 170 178 181 185 197 213 216 224 253 265 280 293 332 344 361 362
 371 375 381 402 407 412 433]
test_index [ 17  33  37  44  52  68  71  81  84  95  99 102 112 114 122 138 155 163
 169 182 183 186 195 204 206 212 221 227 246 249 250 256 258 262 277 281
 292 308 329 346 351 352 415 423]
time_1_fold_4
val_index [ 12  21  37  51  62  77  82  84  91 107 115 126 128 134 151 156 164 172
 178 191 192 204 218 224 238 247 250 258 270 279 328 329 335 337 339 348
 365 371 381 389 416 418 432]
test_index [  0  28  32  39  49  56 111 130 146 148 157 160 167 176 182 188 213 214
 233 240 256 280 285 286 289 298 321 323 331 338 344 364 368 369 375 386
 393 400 401 404 417 421 422]
time_1_fold_5
val_index [  4  10  21  33  43  66  68  90  97 109 111 117 121 123 131 155 164 179
 190 201 232 241 244 246 257 265 272 280 281 294 297 307 331 341 363 385
 386 392 397 417 424 425 432]
test_index [  7  35  53  54  72  77 104 105 106 107 128 137 150 153 165 166 167 169
 170 172 174 176 184 210 237 270 276 296 298 301 311 318 332 333 334 335
 350 364 371 376 378 399 433]
time_1_fold_6
val_index [  6  29  34  39  43  71  84  97 101 103 107 111 113 140 153 159 171 180
 185 215 226 231 232 247 254 277 290 310 324 336 351 357 363 369 376 378
 391 392 409 410 411 424 425]
test_index [  3   9  23  37  45  74  76  92  96 104 115 145 172 175 181 195 197 200
 207 211 222 223 258 263 278 296 314 320 327 334 349 350 352 359 361 371
 385 386 390 396 399 400 407]
time_1_fold_7
val_index [ 17  31  34  38  42  71  77  87  95 101 128 139 163 174 187 198 252 257
 265 276 278 282 306 309 311 344 349 351 356 357 367 376 381 385 386 390
 392 398 418 420 423 424 426]
test_index [  6  13  23  30  43  48  56  65  72  92  93 131 134 151 152 170 176 179
 190 210 214 222 223 233 237 240 255 271 272 284 286 310 314 315 338 341
 343 345 352 360 364 375 416]
time_1_fold_8
val_index [ 37  41  46  48  54  60  70  84  86  96 113 120 124 126 163 165 181 184
 185 186 196 200 204 206 207 209 212 215 220 236 238 250 265 266 273 278
 288 306 312 330 334 358 402]
test_index [  2   5   9  10  28  45  47  58  63  80 106 134 137 151 152 168 191 194
 235 240 251 267 270 282 284 322 324 332 335 354 359 360 365 368 385 386
 387 393 395 398 415 416 424]
time_1_fold_9
val_index [  2   5  17  23  30  34  38  41  49  55  62  87 101 116 117 118 128 129
 152 153 163 172 192 196 217 224 235 237 264 267 270 288 303 322 330 339
 343 348 350 386 406 412 419 427]
test_index [  0  19  61  67  82  93 107 113 120 140 141 147 160 162 174 177 185 187
 225 239 246 252 255 261 266 271 281 283 287 294 297 308 310 311 331 347
 357 358 380 398 425 428 432]
time_2_fold_0
val_index [  0   4  10  12  14  17  26  37  39  40  49  59  63  73  82  94  97 104
 109 125 174 177 180 181 191 202 244 262 268 288 289 304 310 315 321 341
 356 373 375 381 414 419 429 432]
test_index [  1  13  20  29  32  34  36  42  68  70  72  89 100 120 129 166 192 193
 203 206 208 213 220 227 232 233 240 242 243 248 251 258 272 276 282 308
 319 350 358 369 378 388 425 427]
time_2_fold_1
val_index [  5   8  23  47  68  93  95  96 100 106 117 120 123 128 130 133 140 153
 174 175 187 197 208 229 232 272 287 290 312 314 318 351 356 362 367 382
 384 387 401 408 411 416 422 423]
test_index [ 18  29  31  32  44  59  66  75  81 134 135 158 159 161 167 179 182 185
 199 200 212 230 234 235 241 242 251 253 264 270 307 313 316 323 330 332
 348 360 363 379 385 404 410 420]
time_2_fold_2
val_index [  4   8  14  26  63  81  83  87  93 117 126 134 140 148 155 165 169 180
 192 199 202 226 231 248 255 258 263 278 281 299 305 311 318 326 333 345
 352 365 373 384 387 391 419 420]
test_index [ 23  24  41  43  58  76  79  88  89  96 107 109 121 129 135 150 159 163
 204 205 206 229 235 241 245 249 260 270 273 276 288 297 317 335 344 349
 353 358 359 369 376 407 421 423]
time_2_fold_3
val_index [ 16  21  34  57  58  62  74  77  80  98 106 108 110 114 116 138 153 156
 161 163 177 183 199 205 217 225 228 229 233 238 268 271 275 276 292 296
 316 337 394 406 421 425 430]
test_index [ 17  27  30  32  38  41  47  49  51  59  70  93  95 101 129 145 150 173
 182 185 189 190 194 203 236 248 256 263 277 285 287 301 309 326 341 364
 367 372 388 390 399 417 423 424]
time_2_fold_4
val_index [  7  62  74  78  81  84  94  95  96 114 120 135 144 172 180 181 187 188
 190 196 199 201 215 224 259 263 267 276 306 313 314 328 347 351 356 357
 380 384 387 392 413 422 426]
test_index [  9  18  22  30  33  37  40  42  65  86  88  91 117 119 134 146 155 157
 200 208 214 226 237 246 248 254 270 271 286 312 316 319 320 326 339 364
 367 378 389 407 424 425 432]
time_2_fold_5
val_index [ 12  15  23  24  42  46  52  53  61  72  84 101 121 130 132 138 149 151
 168 170 184 189 199 210 211 232 236 244 272 280 284 317 345 351 354 371
 377 379 399 400 401 413 428]
test_index [  0  17  37  43  47  50  54  70  90  94  95 112 122 125 126 131 141 144
 148 156 159 173 174 178 190 233 235 246 247 251 263 265 304 310 343 372
 373 390 409 411 416 426 429]
time_2_fold_6
val_index [  2  11  14  33  41  44  49  60  64  69  73  98 105 122 124 151 159 161
 165 168 188 199 208 210 213 225 233 234 241 245 251 261 265 280 309 320
 323 354 365 372 375 376 404]
test_index [  5   7   8  21  30  46  55  57  58  66  67  79 102 103 113 143 144 150
 164 179 182 185 189 194 206 211 216 229 236 254 277 287 293 300 302 313
 325 332 339 347 396 397 423]
time_2_fold_7
val_index [  8  31  33  36  48  95 100 106 126 132 136 146 150 153 161 188 198 199
 207 226 248 265 270 272 274 304 305 326 341 351 366 370 374 376 383 387
 392 399 400 407 414 421 424]
test_index [  4  12  15  53  61  73  74  86  87  93 105 120 123 135 137 143 149 174
 181 185 194 197 201 208 215 221 233 239 254 258 280 293 314 316 324 336
 344 346 352 355 371 388 397]
time_2_fold_8
val_index [  2  10  21  49  61  63  67  82  88  89 113 119 120 122 127 128 133 136
 137 162 177 190 228 229 240 246 247 282 292 302 305 310 327 340 344 353
 359 366 377 386 387 414 427]
test_index [  1   3  18  26  28  29  35  37  42  51  64  76  77  83 105 109 117 118
 131 134 165 213 251 254 261 271 279 280 284 300 307 315 317 325 335 343
 346 391 392 405 408 423 428]
time_2_fold_9
val_index [  1   8  18  54  56  63  81  82  86  92  99 100 104 105 124 129 150 156
 168 176 201 205 219 221 227 239 241 251 274 275 297 329 336 338 343 352
 386 391 393 399 415 418 426 431]
test_index [ 17  27  30  33  59  69  83  85  97 113 116 117 118 133 141 142 154 172
 175 199 204 207 208 217 240 243 261 273 276 282 308 319 323 354 359 370
 372 378 379 390 395 407 417]
time_3_fold_0
val_index [ 27  51  52  83  90  97 114 123 149 152 153 156 159 162 167 173 196 199
 200 216 225 234 246 248 253 274 279 291 295 297 299 309 320 321 340 350
 353 360 361 362 370 372 379 421]
test_index [  7   8  14  15  23  33  63  65  67  98 102 112 145 147 163 164 168 189
 197 206 207 208 217 219 232 240 249 250 251 263 283 305 311 312 315 319
 329 333 338 344 354 376 394 401]
time_3_fold_1
val_index [  3   4   5  18  21  29  38  46  71  76  80  90  92 113 123 137 144 152
 162 165 205 210 213 216 238 244 246 267 268 272 280 283 313 341 342 349
 352 354 364 367 382 394 425 429]
test_index [ 23  25  31  35  49  50  59  69  75 125 141 146 151 154 158 160 168 169
 190 198 224 231 239 243 252 275 284 292 293 309 319 332 334 335 340 345
 355 392 396 398 407 414 417 430]
time_3_fold_2
val_index [  0   3  14  17  36  45  85  89  98 117 130 132 137 141 151 170 176 186
 188 191 194 195 202 204 209 210 217 228 232 256 259 266 284 287 289 290
 295 315 319 365 366 413 418 430]
test_index [  7  26  30  46  61  69  76  91  93 129 143 154 158 162 165 166 174 175
 182 184 190 201 213 223 246 251 253 267 280 299 305 317 335 343 347 368
 396 406 409 422 426 428 432 433]
time_3_fold_3
val_index [ 38  46  59  65  69  73  76  79  95 109 110 113 117 118 124 149 151 155
 157 160 176 183 196 210 221 236 242 251 273 274 276 293 299 326 355 362
 372 373 385 401 420 424 432]
test_index [  2   8  10  11  29  33  49  57  72  77  81  96  99 103 106 107 121 123
 135 158 167 175 184 227 228 241 245 246 282 286 296 305 308 322 324 331
 343 350 387 396 406 412 430 431]
time_3_fold_4
val_index [  1   8  15  30  37  40  52  72  82  86  96 107 135 142 143 163 175 184
 185 190 199 205 217 236 240 245 249 263 268 288 297 325 327 343 352 356
 357 361 378 383 399 409 428]
test_index [  7  12  17  31  54  56  61  63  74  94 108 115 131 132 147 148 151 152
 162 168 177 183 191 208 215 231 233 235 259 326 329 333 336 338 342 362
 386 388 390 393 400 416 421]
time_3_fold_5
val_index [ 12  22  26  33  42  49  59  70  72  75  77  86 100 104 106 112 135 142
 151 155 161 178 183 199 206 207 246 248 269 290 292 296 314 315 316 319
 333 341 371 375 398 424 425]
test_index [  5  24  34  54  65  66  85 109 111 124 128 129 146 148 149 174 182 186
 188 202 213 221 223 249 265 283 286 297 305 310 320 339 349 356 365 382
 392 402 417 418 420 422 430]
time_3_fold_6
val_index [  3  15  58  75  79  83  93 110 113 115 138 156 157 159 172 178 183 184
 185 205 233 246 257 275 284 297 300 301 312 330 333 337 345 355 365 372
 374 375 399 400 406 409 429]
test_index [  8  19  21  27  29  47  65  66 114 116 123 141 145 162 164 166 168 169
 173 176 190 191 194 195 203 218 235 236 240 258 259 279 308 316 344 379
 384 388 393 407 412 415 426]
time_3_fold_7
val_index [  1   9  22  37  57  63  64  71  80  96 103 131 138 140 148 151 152 153
 160 170 186 191 211 213 215 217 234 242 255 265 266 269 276 289 313 326
 327 352 360 363 383 396 419]
test_index [ 15  21  32  42  69  76  78 100 101 109 113 123 128 129 130 135 161 162
 193 214 219 221 238 245 250 259 264 272 292 303 305 311 332 333 341 359
 368 378 391 397 401 431 433]
time_3_fold_8
val_index [  1  30  34  39  48  50  74  79  85  87  95 100 112 120 137 138 151 153
 166 167 169 174 176 191 208 217 234 244 248 263 291 294 304 315 331 336
 354 376 378 386 401 423 428]
test_index [  5  12  15  18  24  41  44  60  68  69  98 104 122 127 131 132 141 154
 160 163 170 182 201 221 232 255 277 293 296 302 303 313 316 319 324 337
 357 364 369 380 387 390 420]
time_3_fold_9
val_index [  2   4   7  14  29  37  38  50  60  64  70  72  75  78  79  95 107 116
 139 145 148 152 160 165 191 205 212 213 216 218 221 254 291 292 298 314
 324 328 335 365 375 377 388 398]
test_index [ 20  22  28  65  69  90 119 122 124 135 141 146 149 174 178 179 180 182
 185 224 225 238 248 295 306 308 309 310 317 318 337 343 357 364 367 373
 385 400 406 418 419 430 431]
time_4_fold_0
val_index [  1   4   8  36  38  43  50  52  81  99 102 103 108 109 112 121 130 141
 164 178 182 191 214 217 237 249 252 265 276 285 287 294 297 311 318 324
 333 365 367 380 389 401 414 418]
test_index [ 18  25  42  45  85  95  98 110 137 143 154 165 173 184 206 232 234 240
 268 272 281 292 296 301 310 313 326 339 340 346 353 355 356 357 372 373
 377 379 395 396 408 412 431 432]
time_4_fold_1
val_index [  0   6  11  21  43  50  53  57  69  75  77  82 107 111 128 150 170 175
 189 193 206 214 220 241 244 252 257 265 276 283 295 314 316 319 333 334
 360 362 385 394 403 422 424 428]
test_index [  8  19  20  22  25  26  58  74  79  90  92 105 109 118 120 132 133 138
 146 149 165 166 173 196 197 238 275 282 321 325 327 330 337 342 365 372
 375 380 395 404 407 411 412 415]
time_4_fold_2
val_index [  1   8  38  40  41  54  59  91 112 114 123 126 141 142 148 160 168 187
 197 200 215 232 243 245 247 263 269 274 284 324 330 336 351 356 368 389
 396 400 411 413 416 420 421 422]
test_index [  6  17  18  24  30  60  66  67  72  81  89 106 116 121 138 164 165 213
 222 223 229 244 246 251 253 271 286 289 291 302 308 319 340 349 358 367
 374 378 382 383 386 393 402 430]
time_4_fold_3
val_index [  4  11  30  39  47  66  75  77  82  84  95  98 102 111 115 124 128 148
 151 164 168 169 170 180 192 240 250 252 258 296 320 323 324 328 350 362
 376 388 390 391 397 404 423]
test_index [ 10  17  37  79  83 101 113 116 120 131 138 141 160 162 173 200 226 235
 236 251 256 260 275 285 291 313 319 331 334 343 360 363 366 367 378 382
 386 389 395 402 407 408 426 427]
time_4_fold_4
val_index [  0  16  17  33  41  58  63  65  72  77  79  81 114 122 142 143 149 152
 170 197 206 215 221 231 236 241 243 245 251 287 291 302 323 340 348 369
 380 386 387 397 400 412 427]
test_index [  2   4  24  27  34  37  99 100 105 109 112 118 129 155 165 171 185 188
 194 201 211 213 233 239 248 254 283 303 308 312 322 335 339 362 368 377
 382 390 393 396 403 406 421]
time_4_fold_5
val_index [ 24  32  45  81  99 107 108 110 123 126 133 143 148 154 164 183 190 194
 198 214 253 265 297 302 303 306 316 328 329 351 353 360 361 370 373 376
 379 385 387 400 401 423 429]
test_index [ 17  20  34  36  37  50  80  98 115 121 129 155 158 162 172 175 182 189
 200 209 228 229 231 236 250 269 272 288 290 292 295 307 313 318 330 335
 338 356 392 398 405 413 433]
time_4_fold_6
val_index [  4   9  13  30  44  55  64  65  83 101 140 153 167 172 174 183 184 188
 202 217 221 225 238 239 240 244 270 290 304 311 315 317 322 323 326 332
 393 397 398 400 408 417 431]
test_index [  7  16  20  75  87  93  98 102 112 123 134 155 161 169 173 189 191 206
 248 265 271 282 293 298 300 318 327 337 338 353 354 359 375 380 392 394
 396 399 401 404 414 423 424]
time_4_fold_7
val_index [ 27  39  42  57  72  83  90  91  92  93  95  99 109 123 127 152 156 162
 173 176 180 204 206 232 246 249 268 280 286 295 304 314 318 319 330 334
 340 341 353 372 388 399 408]
test_index [  1   2  13  38  53  59  66  77  88  98 104 107 115 133 135 137 141 149
 154 183 190 199 209 212 221 235 240 301 313 317 331 333 337 342 345 349
 359 371 380 381 410 424 430]
time_4_fold_8
val_index [  6  13  38  59  64 101 108 115 116 121 125 136 137 143 149 151 157 163
 203 214 226 263 271 283 286 290 295 296 309 325 339 345 352 353 354 357
 368 376 387 394 399 416 429]
test_index [  4   7  12  49  54  70  73  79  84 138 145 158 165 167 168 179 182 186
 192 198 209 220 251 284 285 293 302 304 314 315 323 333 337 351 365 381
 397 398 405 414 419 421 426]
time_4_fold_9
val_index [ 19  33  50  61  73  74  75  77  82 135 149 157 164 172 187 190 192 208
 237 247 257 270 272 281 284 285 295 316 324 329 341 353 355 358 369 370
 371 373 378 384 389 394 398 417]
test_index [ 14  41  45  57  68  95 105 106 112 121 133 144 146 153 177 180 203 204
 234 235 236 241 255 261 262 267 268 271 289 294 304 332 345 351 352 356
 360 388 392 404 409 412 422]
time_5_fold_0
val_index [ 28  33  36  37  52  58  63  72  84  95 104 107 109 123 139 145 149 151
 161 166 172 182 189 193 194 195 200 203 218 228 282 292 312 336 351 352
 356 365 379 393 404 406 415 421]
test_index [  6  21  26  31  49  55  66  86  89  96 118 129 152 153 163 164 169 171
 173 209 221 234 238 249 252 264 274 279 286 296 300 314 334 360 368 375
 395 398 400 412 423 426 428 432]
time_5_fold_1
val_index [ 10  23  24  25  26  31  33  39  54  66  70  82  87  92 114 119 122 124
 145 182 187 192 205 206 214 261 270 272 277 281 291 302 321 322 333 336
 348 355 362 367 369 371 395 421]
test_index [ 14  28  36  46  51  56  61  71  77  84  97 106 111 112 120 123 126 139
 149 155 156 170 175 191 194 204 215 221 246 250 251 260 267 290 307 337
 350 351 357 360 374 380 388 418]
time_5_fold_2
val_index [  8  11  19  26  49  55  63  67  68  94 105 106 108 132 133 139 155 159
 173 175 177 210 222 226 228 245 253 256 267 269 297 302 306 319 320 332
 369 380 389 392 407 411 421 433]
test_index [  6   7  20  25  58  59  60  70  72  89  98 107 109 116 121 131 152 156
 157 168 188 206 212 216 217 223 231 249 260 262 264 272 295 298 300 359
 362 363 368 398 404 405 416 418]
time_5_fold_3
val_index [  5  27  54  75  77  78 100 107 110 111 126 128 129 136 147 149 157 163
 183 216 222 228 235 243 247 254 255 259 295 312 313 323 325 327 332 337
 339 353 357 360 389 411 414]
test_index [  1   9  17  18  21  33  34  44  56  58  67  87 101 103 117 123 125 131
 155 159 168 173 177 199 215 231 242 245 265 268 271 280 294 296 302 307
 320 322 368 373 380 384 393 405]
time_5_fold_4
val_index [ 33  44  78  79  81  84  88  90  93 118 127 137 145 148 157 158 162 192
 193 195 203 220 232 240 241 245 250 257 259 267 278 300 319 335 346 347
 380 393 402 403 413 415 426]
test_index [ 18  28  38  39  56  71  86 101 108 112 113 120 122 135 146 169 174 181
 187 199 206 212 213 215 243 246 254 258 266 282 283 305 315 323 336 338
 362 395 398 399 422 427 428]
time_5_fold_5
val_index [  7  17  19  21  33  43  57  70  79  87  91  93 104 113 119 138 158 162
 169 189 195 204 210 231 237 240 248 250 280 296 312 317 319 330 338 361
 374 383 387 394 395 410 413]
test_index [  2  10  14  29  37  62  72  76  78  95 109 115 118 125 130 135 140 151
 163 200 216 228 247 257 258 259 262 299 311 313 320 322 324 331 339 343
 372 373 382 388 389 390 419]
time_5_fold_6
val_index [ 14  22  25  26  45  48  60  66  67  80 102 104 110 120 131 132 145 153
 173 181 196 225 226 230 234 247 250 257 259 268 275 288 317 345 348 349
 372 384 388 393 401 413 428]
test_index [  7  27  37  41  57  59  63  72  73  85  86  92  99 105 118 141 177 179
 182 190 193 202 219 222 235 241 256 276 278 291 303 307 321 337 343 346
 352 374 378 387 405 419 426]
time_5_fold_7
val_index [ 19  23  53  60  79  97 102 106 109 111 136 139 153 172 181 182 185 186
 190 194 216 217 229 236 249 255 258 262 270 300 305 316 332 334 346 347
 351 356 366 370 378 406 419]
test_index [  1   8   9  15  25  31  38  43  49  54  61  69  78 110 117 121 124 132
 137 146 150 164 201 206 209 219 226 233 239 242 280 288 295 297 306 326
 336 339 359 371 384 396 397]
time_5_fold_8
val_index [  4   9  10  13  21  29  41  42  68  79  98 118 139 145 165 167 186 188
 199 202 204 211 242 243 246 255 280 287 299 300 314 324 341 343 355 365
 366 384 394 399 419 422 433]
test_index [ 19  35  36  43  60  64  80  83  84 108 122 141 144 151 156 163 166 168
 179 181 193 201 244 254 263 269 289 295 308 322 326 349 354 368 381 404
 405 413 414 420 421 426 430]
time_5_fold_9
val_index [ 32  33  37  56  57  63  86  97  98 101 102 109 125 155 162 179 192 204
 205 224 237 242 245 262 264 273 279 281 287 303 309 327 334 339 343 360
 380 382 387 414 420 423 430 432]
test_index [  0  17  18  27  44  76  78  87 108 119 120 124 133 136 141 145 176 188
 198 200 207 241 247 250 253 263 277 284 297 302 310 311 318 328 329 337
 352 355 357 359 385 403 419]
time_6_fold_0
val_index [  0   2  26  28  38  39  40  50  59  66  69  78  84  87  96 101 102 105
 106 117 123 141 181 205 206 211 223 233 237 241 243 244 262 270 279 290
 304 320 325 355 368 377 393 395]
test_index [ 14  15  18  21  37  56  57  60  64  70  79 119 120 135 146 157 159 165
 182 183 186 195 210 222 225 232 260 264 285 287 300 301 317 339 366 373
 385 392 394 399 403 417 428 432]
time_6_fold_1
val_index [ 13  17  24  25  27  42  69  71  83  94 103 106 111 121 132 137 143 167
 198 212 217 218 223 229 239 241 252 253 260 268 273 295 301 303 305 326
 331 352 360 379 383 419 423 425]
test_index [  4   5  16  28  30  31  36  76 100 105 112 136 156 160 183 184 200 221
 226 238 242 248 263 272 280 292 298 317 320 323 325 333 343 346 347 358
 375 385 393 396 398 413 420 429]
time_6_fold_2
val_index [  8  10  27  33  37  50  72  75  77  79  91 101 114 130 138 140 145 153
 156 162 166 169 185 190 211 217 221 226 233 236 246 260 271 301 302 303
 307 327 340 346 390 410 413 414]
test_index [  2   4  12  13  19  21  30  39  41  47  67  94  98 133 154 174 175 181
 195 201 205 209 247 268 269 272 286 289 293 306 310 311 312 333 336 338
 351 352 358 371 386 419 421 428]
time_6_fold_3
val_index [  6  30  43  56  62  65  68  72  74  76  84 139 154 158 168 184 186 194
 201 205 209 226 227 240 271 309 312 313 336 353 362 366 373 375 392 395
 406 407 408 412 423 424 433]
test_index [  1   5  11  32  34  45  52  53  60  81  85  90  94  96 145 164 165 166
 181 187 206 211 243 245 267 292 293 297 307 316 329 332 339 342 354 370
 385 393 397 410 411 415 416 420]
time_6_fold_4
val_index [ 10  16  23  45  49  83  92  99 106 114 124 127 139 142 172 209 235 248
 286 288 295 297 303 317 322 323 325 329 331 337 345 346 374 375 401 403
 404 406 409 412 417 425 428]
test_index [ 15  20  25  32  36  38  41  42  46  48  56  57  64  65  89  91  93  98
 101 107 112 122 153 165 190 206 218 220 234 241 243 269 290 315 367 373
 377 378 387 393 400 416 419]
time_6_fold_5
val_index [  1   5  11  28  40  46  68  90 105 107 108 112 126 130 134 167 170 180
 201 216 238 263 266 267 271 311 330 341 344 351 357 362 374 386 393 395
 401 411 421 426 429 430 433]
test_index [  0  24  25  27  47  54  58  63  65  70 101 103 106 120 122 142 147 151
 169 181 196 199 206 209 215 233 235 250 251 268 269 313 314 316 340 358
 363 364 373 377 399 412 420]
time_6_fold_6
val_index [  4  18  58  62  63  67 111 118 135 148 153 160 170 174 199 201 204 205
 210 214 221 227 247 255 266 277 279 296 301 304 306 313 314 322 343 344
 345 361 372 392 425 428 429]
test_index [  0   1   5  10  13  15  19  23  43  49  50  74  79  85 103 120 139 141
 149 198 206 220 223 232 238 245 265 268 270 271 276 285 325 327 329 337
 338 350 374 380 381 388 431]
time_6_fold_7
val_index [  1   6  13  33  43  53  56  67  85  88  91 104 127 132 137 152 190 199
 214 216 227 228 243 254 269 277 285 293 305 312 354 355 365 372 381 390
 398 404 415 418 422 423 432]
test_index [ 12  16  28  31  40  64  66  71 103 110 122 125 134 138 143 147 159 172
 188 189 203 206 211 245 267 274 282 284 286 292 299 317 319 327 339 361
 367 382 389 391 394 403 430]
time_6_fold_8
val_index [  4   9  11  22  28  36  41  44  67  69  79  94  99 100 108 116 119 132
 136 143 154 160 161 175 195 243 246 256 268 270 295 304 318 326 335 359
 366 370 372 381 393 397 416]
test_index [ 18  20  33  35  38  62  74  90  98 104 106 122 142 151 173 188 190 193
 199 211 216 247 248 253 259 276 283 285 286 303 308 312 329 344 351 373
 377 401 403 404 409 415 422]
time_6_fold_9
val_index [  3   7  19  25  39  44  47  52  58  62  73  82  90  95 101 116 123 127
 139 148 160 203 204 213 215 230 235 248 256 257 258 261 276 294 295 334
 342 346 354 385 405 413 418 424]
test_index [  1  12  16  23  30  60  64  87  88  92  96 118 125 153 154 173 186 196
 198 211 212 220 222 228 251 263 268 279 287 297 305 309 313 330 332 353
 373 381 384 393 404 407 428]
time_7_fold_0
val_index [ 30  36  45  46  47  82 106 116 134 146 150 158 159 162 167 171 173 174
 175 179 200 204 211 238 239 264 267 278 287 297 311 316 330 341 343 355
 386 388 400 401 403 414 422 427]
test_index [ 11  28  48  65  69  71  78  83  87  88  89  96 103 107 140 149 155 156
 208 213 221 222 225 227 234 235 251 252 254 263 266 277 293 309 333 339
 352 362 390 397 405 413 418 420]
time_7_fold_1
val_index [  3   7   9  11  31  39  51  63  65  66  89  91  96 103 123 128 154 182
 202 203 211 219 233 239 251 252 269 302 303 311 325 327 356 364 367 369
 384 389 393 406 423 425 427 431]
test_index [  2  19  22  26  54  60  67  70  81  90  98 108 122 127 156 175 177 179
 183 191 199 207 214 230 249 262 270 278 289 291 298 299 317 328 332 345
 348 349 354 371 403 404 417 419]
time_7_fold_2
val_index [  5   8  14  21  24  57  88  92 124 128 140 144 147 169 201 216 218 220
 224 227 230 231 234 235 236 239 252 277 278 279 282 294 307 311 314 319
 325 338 351 352 361 384 397 410]
test_index [  2   6  29  30  35  37  56  71  76  94 139 155 158 166 174 181 202 221
 222 225 228 240 258 271 272 275 280 285 286 300 306 320 323 344 347 356
 358 367 398 407 412 418 424 428]
time_7_fold_3
val_index [ 13  21  26  54  67  72  73  74  77  87  88  97 111 113 132 164 166 179
 184 193 197 200 202 204 220 236 247 261 276 277 295 309 312 315 325 342
 343 346 350 380 382 396 403]
test_index [  4  25  31  33  37  40  44  66  86  95  96 102 103 130 168 178 182 183
 187 196 210 235 244 245 249 252 255 269 283 299 301 305 318 327 331 332
 387 394 395 398 400 405 409 415]
time_7_fold_4
val_index [  1  11  14  29  32  34  44  45  48  55  57  65 112 120 121 124 127 133
 142 147 157 178 184 191 196 217 219 258 266 271 281 309 325 338 362 368
 373 374 388 406 416 427 428]
test_index [  3   5   8   9  10  26  54  60  73  87 107 108 141 148 174 189 204 224
 228 238 239 250 254 298 301 302 303 305 311 316 319 323 333 335 341 347
 371 377 379 396 398 419 421]
time_7_fold_5
val_index [ 12  30  53  58  62  66  70  80  85  94 107 130 133 149 150 156 184 186
 208 226 246 247 252 267 268 301 308 326 329 331 338 348 355 357 384 394
 398 404 407 416 417 418 426]
test_index [  1  10  22  25  28  32  33  40  55  71  74  91  96 100 119 127 137 144
 153 154 163 169 194 196 211 223 228 238 274 275 284 302 310 325 334 337
 369 378 382 391 414 420 427]
time_7_fold_6
val_index [ 11  30  40  45  48  57  63  69  81  90 107 121 125 129 154 164 170 180
 181 182 204 222 230 232 238 240 255 257 274 283 286 290 320 326 330 333
 355 367 376 412 413 416 418]
test_index [ 29  52  59  62  64  65  72  75  89  91 102 103 104 117 137 138 140 145
 159 162 206 218 235 242 248 253 256 260 266 300 307 308 322 332 348 366
 382 399 402 404 406 407 419]
time_7_fold_7
val_index [ 42  44  46  50  58  64  85 102 111 124 130 133 140 152 156 178 192 195
 214 216 217 228 234 244 246 256 265 266 270 274 278 282 291 300 318 349
 359 385 398 404 405 424 426]
test_index [ 40  49  55 100 106 109 110 123 128 131 155 157 160 163 167 174 175 177
 179 180 215 223 230 247 262 272 279 280 284 314 340 346 352 355 365 386
 390 397 410 417 427 430 433]
time_7_fold_8
val_index [ 12  13  15  18  27  50  55  60  77  81  89  96 107 112 116 157 158 174
 196 206 213 221 236 272 274 277 278 295 308 311 351 353 360 366 373 376
 381 383 391 396 418 427 432]
test_index [  7  53  56  69  70  78  87 119 147 160 175 192 202 205 238 241 257 259
 289 293 299 304 305 310 312 314 318 325 338 361 368 369 371 382 393 404
 407 410 412 424 426 428 433]
time_7_fold_9
val_index [  3   6  15  55  59  71  77  96 103 106 116 126 128 157 165 188 209 210
 211 217 239 243 248 252 258 271 272 286 300 309 313 327 333 353 355 365
 366 377 381 400 402 405 421 431]
test_index [  2   9  22  34  45  98 101 104 108 111 117 130 136 138 139 141 164 175
 176 180 185 208 212 232 244 249 250 279 306 321 325 338 344 349 362 364
 369 371 375 383 385 389 410]
time_8_fold_0
val_index [ 15  16  18  19  30  45  46  49  53  69  82  87  95 100 118 126 128 151
 158 170 174 181 182 189 240 255 266 303 316 323 324 326 352 361 365 381
 384 393 394 395 399 409 424 425]
test_index [  5   9  12  13  17  27  35  36  37  38  81  83  84  85  92 101 111 120
 124 140 144 160 176 179 199 202 232 242 243 254 270 271 275 277 279 299
 314 320 340 367 403 412 416 432]
time_8_fold_1
val_index [ 38  44  55  67  71  73  77  99 101 104 128 133 143 149 167 175 177 180
 192 238 245 246 270 272 283 286 299 300 302 316 319 329 332 336 338 339
 342 348 349 362 390 404 416 432]
test_index [  1   5  12  50  58  59  61  65  85  92  93  94 132 138 144 152 161 164
 179 193 215 222 229 244 247 273 280 288 289 301 304 326 330 346 353 357
 360 365 375 381 387 388 397 406]
time_8_fold_2
val_index [  6  12  26  29  33  42  49  57  63  67  69  87 124 145 151 152 167 176
 183 184 186 189 193 203 234 248 251 284 290 299 304 318 329 338 344 350
 359 365 382 403 409 417 423 430]
test_index [  4  22  45  50  52  59  62  72  79  84  88  97  98 101 113 114 117 119
 122 123 126 141 148 157 162 163 170 207 220 236 237 238 259 271 275 302
 306 319 331 364 381 384 404 420]
time_8_fold_3
val_index [ 30  35  68  72  94  95 104 121 123 133 136 153 171 178 184 201 225 228
 229 231 247 254 259 263 266 278 294 306 308 320 327 340 345 379 387 388
 389 390 391 416 422 427 430]
test_index [  5   9  10  13  32  36  42  50  57  58  71  88  99 115 120 122 124 135
 139 142 165 175 182 185 191 193 195 199 208 239 251 252 265 276 281 319
 343 362 364 375 380 382 415 421]
time_8_fold_4
val_index [  2  21  24  53  60  88  91  98 112 122 138 144 159 171 203 210 217 221
 222 224 228 230 234 235 242 243 252 256 265 269 271 272 312 328 330 342
 367 385 386 392 405 429 430]
test_index [  6  20  25  28  36  38  47  64  75  77 108 111 121 123 125 143 152 154
 155 157 167 168 170 172 192 206 223 227 231 239 266 277 288 320 332 343
 344 378 394 395 416 424 431]
time_8_fold_5
val_index [  0   1  14  30  32  38  41  43  62  65  96 100 114 134 143 159 184 195
 197 206 209 216 217 240 251 271 275 331 341 342 350 364 369 370 382 388
 396 405 418 420 428 429 433]
test_index [ 16  26  35  58  70  79  86 119 123 125 136 151 157 163 169 186 190 200
 201 212 223 224 236 239 262 266 281 284 291 302 308 314 316 323 329 347
 371 378 394 399 406 414 427]
time_8_fold_6
val_index [  1  29  33  35  43  51  77  80  82  95 100 109 123 125 166 198 199 204
 208 213 222 231 237 254 268 286 288 294 299 306 307 312 315 333 334 342
 348 378 390 408 418 420 422]
test_index [  0   8  11  34  71  74  87  90  96 110 114 143 163 167 171 185 186 189
 205 206 209 230 233 234 252 253 264 281 289 290 335 337 340 358 359 377
 394 396 399 406 412 413 427]
time_8_fold_7
val_index [  2  14  18  41  43  48  58  73 103 110 118 133 136 153 160 164 170 191
 230 238 280 291 292 299 302 307 320 321 326 335 336 338 348 362 363 373
 381 383 389 399 416 421 428]
test_index [ 22  29  40  47  56  60  66  68  74  77  78  80  89  92 120 122 148 156
 159 174 175 180 196 202 208 211 264 265 279 286 298 300 322 352 357 371
 377 387 398 409 411 425 430]
time_8_fold_8
val_index [  2   7  10  34  35  52  53  59  96 103 120 139 142 149 152 160 168 174
 185 193 207 208 248 272 284 291 297 301 310 312 331 334 347 351 360 367
 382 387 398 405 414 424 433]
test_index [ 26  43  68  75  77  85  86  94  97  99 118 131 136 137 150 156 157 169
 170 190 195 216 229 252 253 256 267 274 292 296 309 326 337 339 355 364
 365 371 396 401 407 421 423]
time_8_fold_9
val_index [  4  10  11  17  19  33  41  60  67  83  89 113 117 124 163 172 173 185
 189 193 197 208 212 225 231 240 250 255 274 279 283 289 294 305 310 327
 373 401 403 409 414 418 427 428]
test_index [  3  15  20  35  42  44  52  59  63  65  72  84  88 112 122 146 150 153
 154 164 170 175 178 186 202 219 228 233 241 243 249 251 266 272 276 336
 339 371 374 378 381 395 412]
time_9_fold_0
val_index [  5  17  23  26  39  48  60  67  68  70  71  75  78  84 119 132 140 160
 163 181 214 216 222 249 283 292 303 309 310 311 319 325 335 350 369 376
 389 390 397 401 405 429 431 433]
test_index [  1   3   8  22  32  61  66 105 106 109 128 147 157 159 178 182 185 193
 203 207 210 215 221 255 258 260 262 266 272 278 279 285 293 295 332 343
 363 374 387 393 400 409 421 426]
time_9_fold_1
val_index [  0   6  30  45  48  50  54  75  84  96 102 103 109 145 150 163 175 181
 186 193 199 202 209 227 228 240 241 251 271 277 301 312 319 323 330 345
 363 378 381 386 399 409 414 431]
test_index [ 16  23  29  35  40  41  43  58  66  91 100 106 108 139 146 147 148 155
 166 179 208 234 244 265 270 272 276 278 286 295 300 306 314 359 362 387
 392 394 395 402 410 411 426 428]
time_9_fold_2
val_index [  1   7   8  13  21  23  25  28  42  51  57  59  66  72 107 125 126 138
 139 152 159 161 166 176 185 216 218 234 235 246 247 261 263 268 271 306
 317 322 344 367 380 396 410 412]
test_index [ 15  19  29  45  49  76  84  85 108 113 115 140 147 157 164 172 175 199
 206 211 217 229 236 237 238 254 256 258 283 284 293 303 304 321 325 331
 345 354 361 362 391 393 405 423]
time_9_fold_3
val_index [  4  12  13  16  51  65  69  76  84  90 102 141 146 147 171 205 217 222
 232 256 267 269 274 285 290 309 310 321 326 331 338 341 344 351 359 360
 364 379 404 412 422 425 432]
test_index [ 21  23  25  34  38  40  44  55  57  68  71  80 104 108 114 123 138 165
 169 190 201 215 220 245 260 262 264 266 287 299 302 308 311 312 315 323
 333 342 353 366 370 378 410 433]
time_9_fold_4
val_index [  2   6   9  33  34  62  75  76  90 106 111 116 140 141 179 183 222 241
 263 270 277 289 290 292 301 308 309 313 323 326 331 337 344 348 351 367
 376 380 382 390 410 420 427]
test_index [ 19  25  27  39  63  64  93  98 137 149 161 168 171 208 218 226 234 235
 237 243 244 246 252 268 273 275 280 288 298 304 315 328 333 338 347 352
 359 375 384 388 396 403 412]
time_9_fold_5
val_index [  0   1  18  33  72  77  78  87 102 106 123 131 152 157 173 202 217 227
 234 237 247 253 259 261 283 286 295 297 301 307 309 315 327 337 345 354
 363 366 382 395 396 424 426]
test_index [ 25  29  30  31  36  40  58  74  75  80  84  97 103 104 107 112 116 130
 134 137 139 160 164 175 182 184 186 194 242 270 276 279 312 325 330 355
 357 371 384 392 404 411 414]
time_9_fold_6
val_index [  8  20  21  49  50  67  93 122 130 132 170 173 181 188 195 212 216 219
 221 222 231 243 244 249 278 288 298 300 308 311 322 323 329 335 347 368
 370 377 384 409 410 411 419]
test_index [  3  10  37  38  55  69  72  96 108 116 117 124 127 128 143 148 155 176
 200 209 215 240 251 263 272 273 280 295 306 307 336 339 348 355 358 379
 385 386 398 401 403 412 429]
time_9_fold_7
val_index [ 16  29  34  36  54  67  75  82  86  92 120 136 137 154 165 166 167 183
 184 193 201 213 221 224 236 240 241 247 277 278 309 310 313 316 324 335
 355 358 362 409 413 420 430]
test_index [  3   4  11  23  47  51  57  63  71  73  78  89 119 133 155 161 162 169
 170 171 177 185 191 209 229 252 263 266 295 301 302 308 320 321 325 338
 347 352 369 373 383 392 417]
time_9_fold_8
val_index [  6  19  27  55  58  71  72  83  93  95 104 113 122 132 158 161 162 180
 184 196 208 215 221 237 243 266 278 280 285 297 313 316 319 322 333 352
 355 363 370 374 401 406 420]
test_index [  5   8  11  14  15  16  36  43  73  75  80  89 109 129 136 137 139 141
 147 155 183 194 199 200 219 238 268 318 323 338 340 346 349 369 375 384
 386 388 389 397 426 429 432]
time_9_fold_9
val_index [ 18  25  49  52  64  71  72  82  83  89 113 141 144 154 169 179 190 205
 209 227 235 237 243 261 272 274 285 303 304 331 332 334 339 341 357 380
 382 400 401 417 426 428 430 433]
test_index [  0   3  20  42  44  59  65  68  99 100 126 133 147 163 171 193 206 213
 217 229 238 247 258 259 271 275 281 313 320 321 336 338 363 373 385 399
 402 404 409 411 414 429 431]